
*****************************************************  DRIFTS Coefficients *********************************************************

customer_no = 0.77482400951
feature_47 = 0.64835606394
feature_45 = 0.628289984954
feature_38 = 0.628119053823
feature_20 = 0.625562994657
feature_77 = 0.53545156044
feature_22 = 0.531752511207
feature_24 = 0.522818198522
entry_time_DAYOFWEEK = 0.512283342564
feature_16 = 0.51054098195
feature_1 = 0.510134247102
feature_2_DAYOFWEEK = 0.509409602254
feature_2_TIMESTAMP = 0.508890245589
feature_12 = 0.508678757853
feature_17 = 0.508341292901
feature_3 = 0.506995290955
feature_36 = 0.506271308156
feature_53_DAY = 0.505510369152
feature_32 = 0.505496874804
feature_15 = 0.5054543484
dt_opened_DAYOFWEEK = 0.505221123403
feature_56 = 0.505089445213
dt_opened_DAY = 0.504972090975
feature_64 = 0.504670331691
feature_13 = 0.504539442238
feature_70 = 0.504424016931
feature_30 = 0.504356344943
entry_time_DAY = 0.504352503426
feature_50 = 0.504314529628
feature_21_TIMESTAMP = 0.504180836686
feature_25 = 0.504070013025
feature_72 = 0.504008446595
entry_time_TIMESTAMP = 0.503824209105
feature_71 = 0.503790808347
feature_7 = 0.503761269538
feature_21_MONTH = 0.50370215514
feature_28 = 0.503680965499
feature_66 = 0.503490364987
feature_4 = 0.503407114423
feature_34 = 0.503223575762
feature_68 = 0.503223575762
feature_26 = 0.503207212537
feature_29 = 0.503147248101
feature_35 = 0.502933533103
feature_69 = 0.502933533103
feature_21_DAY = 0.502765401375
feature_75 = 0.502695763674
feature_23 = 0.502666126784
feature_14 = 0.502662154492
dt_opened_TIMESTAMP = 0.502608254748
feature_43 = 0.502505412451
entry_time_MONTH = 0.502471124874
feature_2_MONTH = 0.502451827385
feature_52 = 0.502356843849
feature_44 = 0.502309617718
feature_10 = 0.502020719341
feature_46 = 0.502006305481
dt_opened_MONTH = 0.50200361642
feature_53_DAYOFWEEK = 0.501964939706
feature_21_DAYOFWEEK = 0.501914534107
feature_63 = 0.501901979705
feature_37 = 0.50190158738
feature_9 = 0.501693377193
feature_53_TIMESTAMP = 0.50166659692
feature_51 = 0.50166586131
feature_57 = 0.501601336096
feature_19 = 0.501319679385
feature_8 = 0.501295359317
feature_33 = 0.501116773761
feature_78 = 0.501043764516
feature_60 = 0.501017241706
feature_67 = 0.501015108439
feature_55 = 0.501003919001
feature_65 = 0.500978299356
feature_31 = 0.500914035691
feature_73 = 0.500883360774
feature_58 = 0.500870953494
feature_2_DAY = 0.500847348602
feature_53_MONTH = 0.500822852805
feature_39 = 0.500722029347
feature_41 = 0.500665420108
feature_42 = 0.500622930485
feature_40 = 0.500531379794
feature_59 = 0.500373922577
feature_11 = 0.500373922577
feature_18 = 0.500348601263
feature_61 = 0.50034170288
feature_49 = 0.500328441476
feature_79 = 0.500313994922
feature_76 = 0.500285947766
feature_48 = 0.500201924812
feature_27 = 0.50018631763
feature_54_MONTH = 0.500125593065
feature_54_DAYOFWEEK = 0.500125593065
feature_6 = 0.500125593065
feature_5 = 0.500125593065
feature_54_TIMESTAMP = 0.500125593065
feature_54_DAY = 0.500125593065
feature_62 = 0.500055861369
feature_74 = 0.50004177036
